RUTA1
 
43945116
97117571
71453572
99899146
64771238
72787162
69628723
40510421
24991399
30749309
17729576
08303289
41251346
51522570
02900464
37031667
89968191
32759783
53926853
13917306
51097874
79998747
50134182
40335631
36538376
20268454
64994422
88346810
78933564
93130862
95125447
36916242
89262574
41593742
07343290
70092365
87865051
23879236
32506895
45353524
40682824
62744729
73681103
58521303
08563891
23272444
40278200
68623580
74853944
54865249
46842921
97234598
59683330
15772541
71032215
76402424
51450117
40226980
21756625
87682725
45895195
20436780
23317065
82273492
84689679
98561517
47612104
12026648
22639451
79222575
58257744
74626492
62157876
70891751
64517452
16206281
52953034
60948845
05383517
04426632
95076098
77387373
52257394
50105737
61582214
48078608
06503128
91180170
46770814
00066125
70519505
66571753
73627035
66670816
53617664
16977503
75145699
31699002
43997077
78088333
54720375
87550515
15032190
58982156
11418120
18705287
79209136
84861893
95630825
96247822
26837239
84272325
89675659
30539949
52636966
53400912
64077396
33868148
01678099
05811598
02696387
74950191
60934376
12412280
60733276
21046079
22680543
95793087
03155152
96499460
77923357
74772771
43170370
64208211
86396266
19513460
65252743
53664317
87875087
23792844
55339493
42002683
08996362
53588530
62386044
83776013
47705736
51207773
57245336
67650814
47106494
48867328
84523030
91621914
59671501
26820269
29888456
06770363
43804640
26186553
29306052
90280591
64947999
63371007
92982944
20852530
56875693
69202688
04559136
67985111
40873541
87208661
36814753
32233836
90599081
68059778
07054484
70657953
38374387
84936808
52242155
29360203
56488544
34178597
05190741
43660313
17915544
31696453
27541933
45606456
36274687
81701103
41512974
80554341
81703540
12278056
77664445
30232664
30242560
56399865
98462436
53308593
85210462
00652578
62875553
49224182
05509208
92428504
24008517
76092406
72068797
24531620
29517589
71866001
41808114
17601034
34220820
07020046
48994385
73838582
33200939
32214420
40180655
74232205
00733324
39616597
18862777
16649970
33213668
39288906
30721034
49194410
12182854
21624261
60551209
63116674
93535772
65707594
82059242
59665791
78907924
58831376
96416157
77561569
11707179
97466046
43259978
06607215
78724846
83733726
07665611
87043155
24022583
01507661
48907627
42470633
04905842
51002456
14448615
30512461
85189234
84440129
45280621
74238818
07710323
05350864
56324404
59882836
48948407
63270842
93336608
58966676
96026057
63471435
74797684
13582288
74835675
61105914
86430050
28651486
97259683
03595244
99157281
01642553
91001987
50806225
20309445
77645319
22683776
60346767
26272851
01171310
18139905
80887580
71354521
21686827
78444039
86879975
62385752
11062261
31007811
65953070
24526346
66351610
47757444
03113281
07630459
74135174
50545218
05564372
13014540
66281661
43768595
00341763
45356571
87317193
45868069
31033060
36849239
10588281
62867626
17815735
94016624
06591883
04752692
26763773
62760253
91509127
85787934
99267432
78469980
08743835
74520630
33049170
28768267
20226955
64895445
12383872
38290178
70561864
89912651
22789428
72943211
00511103
40383318
85263247
41977240
71507728
32661086
16402668
39735960
48357224
62035037
55809528
06124898
58665282
86986061
01037548
83635355
46375287
40203689
17604428
02669269
09528183
06503918
60530402
40762864
57012642
87553872
87222936
62408210
40908246
43261202
52337403
52289799
07552506
66613853
91421536
98903631
83673304
87880567
22154076
24804149
81771890
37835991
25216810
09583592
25775169
81985742
76904295
86969751
80557553
09148971
98880542
36515204
55415945
74968502
95313870
65640100
65965372
29015256
98113289
97776113
94686824
92997680
62601695
44043426
10529055
41678407
43800810
07419855
73298500
70946450
72487750
66770488
41651018
98794410
38583908
71026385
51729407
49422590
82950572
91848036
82775041
80205502
32213428
53417825
20302023
90219037
76655842
85842012
44607246
38255480
55503851
80868292
03848053
18608981
65464810
40147158
53990775
88539495
11909563
60806304
16262860
24228849
52767768
74686002
92838777
09905773
19511976
40386511
07397215
71302668
43476797
50817949
92474276
17309846
40363353
15788087
89706294
86761999
18801239
07038483
95480230
69103748
16905520
35229238
55292332
70351041
65679777
71952269
42771191
69526187
40111722
34673736
23029977
15811265
13393003
55780665
60506757
63930664
51462089
24308367
20157683
06566929
91436967
54427322
78186890
81716244
68756223
26695080
23795839
11595032
90340367
25195506
49474842
66961955
79770253
97238928
19432958
40497994
65470854
67830459
62940728
70529468
96446636
60317492
59227840
89181681
68872878
48524813
42424155
80033094
80646577
71429615
26819959
79318750
58893987
05097228
20606096
93419734
37174297
53621694
01454053
31843376
10659404
82444005
63846378
08367314
51980135
05820872
91243840
00447039
82735468
63808726
90387002
64627951
21720610
68454722
73388513
37163849
98640216
59929672
26663972
40945033
99401764
16404542
81697075
22135030
59547018
08856994
33847825
13002243
14398974
18761641
48203759
35068792
63344507
88038948
91950779
26426994
65132640
54206591
20450547
24937670
00047075
98775166
10200087
90583423
83049229
45611518
51263810
50228220
56096453
76205088
02051292
12209875
53980570
41830377
41169185
72725120
71038634
22676269
35381986
47231870
20949289
29709476
36403501
92311104
76912237
95508119
10455691
37637447
59800830
71637502
25194685
62412129
14434602
10056110
76056686
82150260
95281145
23403482
21032987
93119446
81855319
22359378
56718082
13888423
80823558
89121351
73201453
97949312
39594640
41709303
82573316
66240810
83044635
25028965
50162738
41364838
54863024
20481852
22815110
25020357
72831472
65184366
32258872
81642680
75974751
26126605
89857407
17534024
98782483
97219667
37849125
16348356
02709288
45347426
80849423
31210096
85831348
94921414
90524164
97540401
86828139
02226992
14627782
88953874
11442790
13219900
51808398
41397778
30485345
98740960
74010520
93244237
11779449
25562625
73994539
71560333
77394724
09662804
55545266
14613063
73885916
51742355
38100986
60192779
76803734
52130093
27490962
57227702
36046037
57162798
70988266
94337973
38048094
69546204
71081520
54832347
43298555
78051791
98983455
63474752
14950263
08346201
77799051
66659983
15225740
86672653
76552367
11359356
55717202
23285190
62144385
56303737
87894654
90543210
15796993
12177135
06615299
62202563
66931597
70755071
44837707
15090244
35553485
51499169
42702313
11857569
41591613
86612242
21827933
77093784
41518441
18461300
82093118
19758177
31655538
35380085
51500418
28868205
62425336
06157261
64684268
58450035
33481699
77576617
75167869
80322847
96438073
90138567
28010392
90569875
84667919
26538881
31412082
20491934
18362812
59305305
96126744
42137651
03807362
44978862
39623879
68445622
78431288
25540189
91199782
71010062
19332987
18145747
97162030
19675892
44363667
49446727
33432232
32550691
06586418
35766734
14945312
62289646
43713315
11025587
15268599
91806122
23775822
50812628
62765549
40776641
62927687
91160355
30678633
65029355
89518550
14254899
82161760
38705936
64192160
61645370
00623646
90893383
09600774
94157712
95034026
25855765
11070559
23542587
54794182
76291383
66854045
04009258
85916902
94203877
38276345
17706917
51518913
65412957
29962602
92841970
49238361
17770728
51914634
79505446
84923355
34316841
22414875
83331534
67988246
29420168
75256955
39462828
73920700
72623358
35292449
77488170
01830310
55450647
12109313
76598589
66895126
88129961
66858534
65267127
48730967
34969063
43126652
64796374
70677927
01046558
56752711
56042643
67454956
73931236
83359779
31865219
52000955
26496187
76600616
57664681
84473382
88201532
43945650
56027161
48144837
59510335
33942950
37068440
64163069
21515402
44922426
03056064
59114107
72746139
02218683
55483754
46896840
76822640
57628628
11337811
93303060
37281660
02534113
38662789
27390306
75042097
96356939
30643731
24459076
68636186
49297954
45982978
53203870
27112818
52921972
93246434
24508741
86950044
65608025
80606238
67854149
25290191
21096525
35729897
29010338
33153456
24774559
04229704
29735173
92203508
08218103
02355990
48395676
01577263
93062936
17303812
88334808
98525567
18711649
50397010
52491764
53801268
50614211
81327311
62304488
39787550
46721739
64018033
75611965
27564031
23466377
37067917
48919646
19756263
79415153
77106585
61026985
58250761
65237521
40821309
37358061
41251605
11346245
06260873
08094734
04566554
41576879
65561353
65424353
29019364
15957593
53662872
31041820
22310704
41847048
05766360
75956053
01180237
62581615
62159748
44075956
73139142
56644265
67181537
23467395
68463644
70921559
84311383
97278130
59045378
25334141
01318885
68639385
87022205
47000575
03662257
22077796
79606692
69173261
59593705
80199331
43843610
65167687
83052878
63129943
60508729
74589084
79924777
06568129
39233359
38097602
52858698
79025993
44011382
12551425
30834764
52399914
11665970
35187599
61856406
09240747
91797370
55570065
80284797
40744114
82383113
28084059
34655717
03174484
58537753
33849049
55593840
70600594
52363513
21703387
85453532
62611338
49704313
29106962
21467720
01631933
55456176
50802619
44120921
25032303
57200610
74646465
20629529
69308040
46515196
30428582
47980704
71233959
73388569
03117795
88271813
92484073
40678087
38075304
75482222
59920592
58037445
57615082
15688317
90389543
05969205
53398351
67641710
23823716
67485979
32731925
45547825
21446167
86461605
38263845
51034655
93463542
60862143
26794494
72203667
34432897
56326643
23678165
08093321
77461782
19118239
86935746
75816247
37117309
72303234
83714364
75366644
92427904
73026370
38285631
39804538
66034115
96441407
88210483
70707230
83637284
42906923
55951637
40103983
16979386
51220415
65795280
16643223
32656371
90284074
02500781
07145753
86074077
37283953
99115017
54773756
52969657
05921061
16855024
42531926
53558418
18593214
61816118
98786637
56312636
97098945
96363968
52914705
76361292
88684973
84539620
61597033
03111580
47639023
50844216
14965600
70126904
25817403
36927778
62589096
47217880
83786880
45852365
24012175
30680607
32435560
56870482
39696570
34809549
49085050
36128978
45397275
83614175
34188338
32649348
42112231
60017444
71276706
16130287
43256463
91759701
46887075
91872051
18347164
61215281
31048682
44177296
54177674
79166231
18805234
12657204
52510446
96368910
59243415
34867718
29830237
36194871
05003993
94481198
10439968
37630876
77888155
82696055
95614788
43669849
70696252
61021798
41876926
33610337
94821755
26384658
97741965
09602382
96337904
36340566
49326529
02375493
28632452
25549291
74189594
10951633
95296771
52333175
73317664
75425073
17577739
73708725
65265859
34499210
13785888
38321895
08674732
92349632
34473810
95881448
57002907
09544633
47677006
31357629
59978358
00496861
47059884
20814734
51265928
38725971
28803873
14570178
45193586
88407783
37197373
00513591
12287814
71992021
51407944
07821878
53622898
56618948
58518429
78945386
49889647
96334945
90353376
11555357
21309710
07635364
30603213
48636636
64006305
70183446
22633250
88752113
16479448
57412620
59793111
83375051
68075670
45047805
82353499
19615996
94492441
72612754
80120173
26664086
55494164
11903523
89549750
89159759
97851399
15413493
74064337
92454086
44516039
36495864
44177738
12705828
28789396
32254426
33729954
33645177
36395448
62455022
40471526
82364738
78637695
65116220
50381841
50926341
61022110
61141470
28843513
63478945
04186184
79684466
10125136
10713745
80452631
25161803
34855589
01379737
81774252
00870413
92893445
27470949
99335177
56230737
62331341
51323055
28220406
03441664
86661196
49467056
84012100
10021072
64237444
