RUTA2
 
90356357
20744316
09627228
59541387
22847781
30952072
61284344
03156317
45163826
01210354
48758237
04537059
44417630
81162319
79348741
74297407
30963072
54613955
33726672
72484309
36124102
31002407
27588029
82202321
57662679
63896312
39650498
22813180
39628885
38236867
00564630
53966078
53846263
94209321
61538520
58396988
78402611
04538003
53397396
45491422
11038290
48279281
42842850
37736643
63555828
22183186
03714458
72934201
05068400
58177483
47328347
35405271
65147218
40180674
26681455
70116717
21252550
85801302
49327994
51804205
88031572
63821121
60042597
38039720
70502080
33482243
34573738
83627842
51728201
15054929
19539151
15683162
80059362
63740750
51969896
20709317
79629879
53233872
36733423
43466513
90847034
60839854
81098532
56169194
49142188
33263307
60264947
93904083
73491596
72273551
91606684
30426863
18569692
74329941
45405480
79186402
62453407
30421792
09623380
36247494
51129216
42728156
56391605
03591716
36610243
66240051
79143560
37870069
08719065
91798861
35605289
10587812
72947016
72692694
99361386
76167681
93752798
57897191
91205612
21115129
43645379
51768732
84920838
97958284
15028927
28098974
76809780
72783025
08930802
65616290
26605086
52054111
11070566
83434709
92382699
09086075
64154608
42616780
78704506
76165621
06630540
25034450
86962729
10548695
33701262
27452522
62666471
13853906
27178428
46537821
97119706
24499832
07953853
07667217
17610607
73222717
75969611
24970448
44699949
90864505
92565446
49188704
49955794
28963669
85058244
25061655
09022432
76776275
48282878
68182085
86379142
33602818
25450634
85648608
32188897
07641945
29837444
99546750
04704109
99384530
11579304
61724423
22629880
65595034
85171874
31263713
00990232
35545829
60967873
20245499
72485935
94855528
62686624
86839723
73957614
35571944
16715480
04557827
26064177
25142719
68891409
78997856
12749741
55746481
84362575
38666232
86886671
92345474
57936337
11797275
61157835
18922738
87467135
21162951
63283823
33220217
73780242
41410735
66273300
87466596
02109432
87046227
55732638
06812862
34355287
89260673
22051843
98517976
72248640
24294467
87454689
96679514
74034716
22545755
27172474
81730621
23633373
27773782
23617683
25498700
91347413
16574934
89180517
70152531
06947079
02449420
93637904
30812817
87445667
89324228
70290611
51551074
18816002
61479642
59949374
92308200
31708158
84641798
01181773
50956237
92781235
11463704
49101148
33838924
98349869
27175810
59303441
06731623
94591765
32625437
39737576
13050666
55886225
44309970
31102850
51814816
77075849
58469427
29471854
99656328
58634890
78948717
57761182
73326862
09911229
74617004
94705949
10587627
45211537
46859139
47021759
61555127
86213615
18993269
34392572
07891186
40017995
26682119
71945850
28317649
36601604
93565755
69018223
60876685
41203490
69123890
33127862
28361639
61499250
11228019
22864651
74563657
60452377
55872072
52027277
15668557
41199696
69590080
57279916
03335229
20986363
39447443
73220764
22782423
43961734
77861533
71627929
64323832
52174755
66690605
57084880
67301467
62135112
97515803
96644607
56994832
42602740
03290731
94301063
96459283
66086640
26470827
15848987
31852195
52977000
28704558
10192205
02911565
16881238
34589919
94186599
70081585
39405582
79494760
75187082
57181554
90195292
73756042
66453961
39935779
62854737
29254238
13425824
54207538
88599981
17939918
60900760
99337955
18089548
77611239
35491053
28086729
29953596
22888035
72398383
06851367
79484431
58424789
13729510
74054428
47148004
24123674
48530705
57670840
91525571
75304310
13524924
11482823
90490181
35428998
12892366
62116711
48467614
08941692
93565873
99707334
21450745
20344025
92093928
58173324
91311235
64777622
40579272
88611697
04319583
28602971
41551813
81066041
29426807
36803573
88522249
08561550
46894001
11932597
20980945
12606206
79467773
76428885
16143793
90576328
27109749
39103203
34020258
57410041
37564187
67648604
92312486
07928641
33557064
64596079
49357816
54671096
12424077
90041080
06000950
98283269
22909030
27695881
59860079
41440125
05854386
00989155
25458769
10116175
36984597
31449102
07971619
44239997
34523999
80338954
17586590
02154913
44989242
14044359
80786710
56021712
90768685
50695217
96919166
05649099
13607573
19600650
87065561
93150021
01258165
28200768
99095477
40475505
20873076
87317058
69818480
16097027
64799516
99745846
56356216
20558121
90602552
63543056
46171393
19495333
73136895
82296506
69042649
25754407
22614607
83954065
97401510
52460476
54784828
20024257
77144361
30602267
62705677
01789889
01919728
06078203
83134015
59238322
17373243
22228890
82498301
43196246
52262492
27850752
22310363
07074430
35995627
44745633
14550265
75957128
55233011
99438860
00248589
97103609
82048665
15484763
04718249
83743400
90103970
33052312
98819512
86411184
78367151
92916015
21314407
53721461
96510459
42785984
43202287
58999140
46338410
45703263
01370015
40430526
09680388
79602307
12791392
56934898
04121393
33733259
42767898
16490256
06008522
66582547
81556017
60480325
69548207
83477771
66819137
89660255
51110888
91425410
59640036
22097918
16021416
46502764
08545711
30126583
08865918
55308568
23847532
64433389
86446058
42213160
46469654
17961664
54252567
79863608
10033641
50578230
89087081
14439299
59235047
51491068
36059692
54958529
31833353
70909943
11484335
09869955
30793258
10525515
20730782
76005201
10877456
85616002
61679387
05371673
78185639
05599158
47965378
28117803
13354906
35740916
24102248
17090309
05905956
63731912
11095314
37233628
63318348
97792893
50190362
60616420
29803167
47173817
66236325
25052245
87337119
48024758
81193184
00632730
49821746
55755197
59127887
87895240
03266609
21627453
43511157
90000320
54968158
57482987
01283765
69641183
25706504
18346270
07713117
43141159
30384960
59991989
30378678
53979075
58019623
65568049
42555647
77536460
83841006
80350382
61199400
76455186
79273687
47004029
94585239
13289099
56868542
94056941
83042451
45146335
24621824
07723381
88371321
83846137
13589365
97664206
15890410
40967883
55366578
07676456
29510346
34592465
31641906
87647177
02175147
44113467
92955419
82837855
13429409
68739141
62689945
67431525
41023119
01394175
93667861
60096333
32669003
12075872
74682989
52632188
60280494
26289675
65478477
72528927
48157496
00339327
09514540
49003366
11505143
10611343
92491178
59699856
76544727
65536898
61684921
95630767
92930463
91308986
57706849
22065236
02841639
46927580
39102902
46079534
72563259
35184840
21862129
33563296
09930747
74628086
68811325
70182120
51582967
06289579
25444207
77548567
44193674
45982290
93331897
38651864
18218130
44368915
88984717
03782596
27810046
82178977
56117762
81818600
99567151
19021895
27194154
61448118
02770721
46708947
47087712
20155150
19117108
10757490
33021079
54446743
69433387
58560264
74206360
56954585
84056345
74594833
07026993
98367030
38280061
86099746
04573373
03217021
49864148
50735598
27426848
64515731
45426115
14498046
29061146
82295943
74733733
46075309
91961174
47509666
44506645
02661483
53641811
96578542
53099074
45274459
93879631
27120778
57345887
65256803
18872989
21582376
78348179
08088129
88701108
37662063
91754279
43689725
80958530
34390556
53743947
34468749
28484228
64430828
51899865
26604590
22710604
55026908
45106549
14585856
98783867
76969186
19759190
51382731
11934801
86753304
19538826
04190053
41731481
69420312
61437598
92991109
84250356
57913580
42377088
40482832
59680817
63319079
30467874
14148266
37249598
41563437
82180829
69209074
80715581
49437207
89918045
91198955
15909161
01544598
08484402
23350775
75390933
98428072
91922727
57414336
52127621
18909749
99492294
57369703
64451337
19105843
75347061
79850281
98099982
27895923
41137294
42334980
73289471
55972665
64098969
37485622
92228708
92849777
26148969
84796543
72849744
86342570
73584423
74482122
46938557
02717003
54489999
01592445
29126881
40502257
53965780
13628528
50137361
39231663
86918825
74271002
50353984
49769115
24044730
35806739
50517032
30868283
67695812
82422218
43272765
19322771
87747298
70804165
43014876
18199312
56112739
18882200
44327198
54628109
97613882
42898910
30116251
42546109
22121639
28947229
96594935
19520269
26711095
08052463
91266735
68603726
48843466
79451043
55338232
36319952
51034731
36709842
75974825
81250538
84839124
28554303
94627643
73104968
46079077
60725377
12215524
98268313
29377153
35623345
30078634
90305271
21848201
47843979
74767363
94698049
56263386
70990414
00335277
42001974
56727250
08892823
16822197
77112257
11323167
55271602
73360252
96333187
20945632
45809155
56503251
36439976
91584310
20535705
35049383
43854154
85836228
42392877
68072541
62916927
61496148
84067080
59926266
12199151
92790793
24704475
54447694
81025132
17919530
42612680
34746746
77549558
85786972
20177051
61736486
96495758
40807717
78911598
91313362
94200605
90405399
42666057
91460920
46602814
77834204
34613451
50624657
90574909
76109568
74931002
11289449
23101301
98602275
10336701
36762804
41539995
67447779
06014129
99894751
00624459
22930028
74853579
63389917
08543046
81938040
01507482
89325694
29667712
22095970
45032512
97057542
24213543
84801333
11107414
05446546
19411769
89270873
02258073
30083057
32722608
41105564
27482606
70479353
46052739
59488780
50469405
48164877
02051574
31599713
08355308
38362903
17391390
34380657
12375845
39009807
50070021
15484015
33512470
16318717
87706814
98195749
61130841
07886427
40762089
24421928
41010275
88418296
35026356
24497041
84003562
18008463
40903663
38394148
83004948
37708987
58823139
38785204
43191580
45518557
95321278
19097833
93889698
08741019
89246636
51653216
67945959
12386003
11145978
33259402
05714950
84780029
47226604
49981842
97037556
41176874
22219550
83153001
47056881
02837601
68253546
68234802
97665660
45226644
59273940
29079813
30853338
38328216
63677289
55809912
02153859
73457535
12786309
55185067
80250587
13227358
07298612
46348044
72779965
66205676
15225332
32687554
39454094
83102633
82258545
09985740
91171996
51829014
69762099
38780728
66890391
38038095
22970590
84269244
16096372
25194089
05441849
45958271
67752338
81001229
24346390
14178203
02032224
94693264
85000575
19062865
35663939
16288452
14427192
08728221
87598434
26898155
54340761
37555091
99819713
56951729
33497816
29490587
32964931
13754268
59831056
29444146
95466709
20007050
85219294
19117458
32432215
97280528
66618015
04900800
08757562
42427442
98069554
75750250
86306804
45479750
26605474
19085030
44496827
00055905
41963514
64049774
53849712
60248695
02130538
47681922
64189036
13037146
84062222
45310910
03833888
84604131
48979699
32371353
88053742
97191101
58830234
80217260
79277683
71828020
36613471
18611915
88867633
28612030
89043258
17080319
16983924
99051951
81802503
60446319
11811582
13854162
90885864
03079902
44524531
60254966
46640845
94780509
07344150
63832782
60433429
96348341
11713379
12573443
25252842
61862647
08748949
32951836
66654531
45216526
64386390
56596830
75747520
44163280
49903199
92810504
75487177
07168780
62285163
61774690
36841947
96323375
36397218
40466592
42490787
36368193
92354060
79689200
76968872
82281378
04149472
53664249
69880011
36508683
18217888
87686362
77503430
84077146
50512361
03138788
35384200
19726839
72188578
60134585
16776697
24953513
19226917
53729052
93633578
64103745
63109626
00897625
19302952
37474941
21165226
27276504
00798207
60263632
84226975
38223021
47654910
62477234
32335938
92730757
85846765
10664139
92859958
00153102
52621633
25574748
92986044
66927273
79305636
66308772
73644265
79945671
52462893
75486262
96247191
37074510
28801113
89898571
75717038
30841866
00825919
19413823
91005253
76471580
78344207
01645748
70320756
83533646
97467759
21238050
02728623
05879746
33567603
