SECTOR1
 
64342745
90356357
72787162
38616565
30952072
68924294
22784276
31404489
87474307
52204401
43597963
36257674
08303289
69610713
51522570
90264147
04537059
32411483
61462013
81162319
79348741
74297407
03479711
13567489
33726672
38763182
51097874
83380486
98685150
72484309
21975535
44463106
00950411
54199674
89976390
64994422
78933564
84881241
53966078
53846263
91353027
93130862
61538520
16520346
89262574
41593742
65878028
40519722
75844591
99891863
08788005
09216300
10799056
48279281
42842850
90160552
59016086
77275703
21993866
68623580
05068400
13173596
26828902
40180674
02306347
26681455
68856216
46842921
85801302
58875417
50555829
18188909
49327994
92839339
70330264
38408650
51804205
71032215
94466567
76402424
03038920
38039720
70502080
97799538
98427067
41176665
83627842
94449308
19539151
15683162
77228864
80059362
73645942
20709317
45895195
53233872
36733423
46501145
04847457
01551020
81098532
56169194
50643509
82273492
84689679
52863672
93904083
17052066
91606684
51242742
90376444
58257744
56055185
18569692
98819447
74626492
45405480
79186402
62453407
61356899
30421792
09623380
36247494
70891751
01997017
52953034
51129216
45296509
04426632
38510489
69771982
38302589
99370839
47376232
89146570
62283901
08719065
76817397
31059587
51280160
20846113
72947016
25228815
00066125
70519505
91205612
53617664
16977503
27171926
84920838
31699002
28098974
40013487
78088333
61608776
54720375
87550515
15032190
59051161
11418120
95044250
51741218
26837239
89256914
30539949
48441882
83434709
09186989
63340567
05811598
02696387
76165621
62270129
12412280
66066051
59657847
22706612
06630540
21046079
88346981
03155152
43170370
25631178
04498707
00579980
27178428
47510735
19513460
61355507
07667217
23792844
40320668
10343327
55339493
73222717
07554426
53588530
62386044
13679813
52555844
67650814
47106494
49188704
25990689
09362594
49955794
80240513
28963669
12394302
59671501
64216620
09022432
76776275
06770363
86512582
29306052
90280591
44089167
48282878
25450634
56875693
69202688
32188897
70146334
27679710
69169028
29837444
49200212
16657362
04704109
87208661
06299321
82265047
32586987
43896963
85171874
70657953
37292641
01050041
84936808
00990232
85767266
52242155
66638778
91853952
36795941
60967873
34178597
07371130
54342734
27631402
72485935
94855528
95968540
38034783
73957614
35571944
73178035
87484706
36180013
46818174
88922468
04557827
17697074
96862736
07432844
41512974
85986584
91692302
26646569
78997856
14754566
81703540
07406581
72798011
77664445
86645531
88968319
60355254
27268662
52295134
38666232
86886671
92345474
62512491
57936337
05509208
38654715
24008517
32104594
39765139
55977028
72068797
87467135
24531620
99579419
07176033
33220217
07223637
66273300
07020046
84377754
67733254
66224847
60552295
02109432
94519738
87046227
32438303
55732638
32214420
70958140
67797528
22051843
74232205
22983797
87454689
15486092
30747115
18862777
16649970
33213668
39288906
96679514
30721034
57642392
81730621
21624261
23633373
63116674
78932526
96416157
16574934
81245178
73742738
06607215
04202229
78724846
02449420
24306413
48907627
51551074
04905842
60166107
31708158
85189234
45280621
17256453
13182489
49101148
33838924
26982035
82564984
37570621
27175810
74238818
59303441
06731623
94591765
05350864
10637329
07645118
32894466
39737576
56324404
63835761
21372373
96026057
61105914
28651486
05769055
44309970
68919968
31102850
77075849
29471854
05480058
58634890
15857531
74599034
57761182
62422886
77645319
60346767
80887580
71354521
10587627
71175654
86879975
60448303
86213615
69301607
34392572
95061193
89759610
32194856
65953070
36601604
29578483
83445261
05376885
91035668
25048122
05564372
37835994
33127862
05178233
28361639
97442369
45356571
48686672
79143902
00697555
57204865
36849239
60452377
10588281
94016624
06591883
30286251
41199696
30392614
69590080
26763773
57022694
62760253
03335229
93606128
60708056
39447443
85787934
73220764
27288986
92419001
28151859
90696762
95782193
11073219
83233300
51703373
71627929
28768267
20226955
58764544
64895445
20779928
43683527
12383872
57084880
16505193
67301467
39605465
96644607
89406887
89912651
03914193
85263247
03290731
46567419
68750923
41540066
20800182
16402668
38088131
61240469
66086640
62035037
12033573
55809528
62235466
15848987
93831574
06124898
01699959
01037548
77859482
28704558
85270503
52991523
16881238
34589919
09528183
40762864
74348424
87553872
75834360
40908246
13171497
79494760
47426011
21100039
66971440
57181554
91421536
39935779
21817354
08386834
95955118
41763935
53882636
26502937
88599981
25216810
50000890
29483876
77611239
86969751
35491053
09148971
87847703
57688772
95227381
36515204
55415945
22888035
72398383
95313870
65640100
89939810
17622201
29015256
95071336
62109345
90409447
47148004
03049362
94686824
48530705
04384171
57670840
92997680
41934892
91525571
11482823
29841533
41678407
43800810
35428998
12892366
62116711
51728000
08941692
64448076
85519456
36264775
18983161
88611697
04319583
28602971
71026385
01060435
78892628
88522249
08561550
73948459
46894001
44077171
23190601
82775041
06153664
21171719
80205502
53417825
19493749
76428885
80522825
85842012
41322704
67648604
80868292
14184512
97712005
18608981
27853167
14773958
49357816
54671096
90067957
86288539
45543726
65464810
20118843
16149366
75652744
98283269
51385568
27695881
12988466
60548455
62965914
31449102
19511976
43476797
04752012
78306955
34523999
17309846
80338954
15788087
89706294
67232720
09930372
32336837
18801239
02154913
14044359
69203285
80266782
80786710
62739461
61892205
90768685
35229238
75673108
50695217
12619389
82819591
86959062
71952269
04436625
19600650
51067185
42279248
93150021
06562195
34673736
28200768
23029977
35618016
73308468
13393003
03774703
99095477
38471464
61792389
94174006
13341745
20873076
21594590
06566929
35850797
78186890
68756223
99745846
20558121
63543056
23795839
70679576
62959622
72371275
11595032
73136895
93354649
82296506
03967855
30151100
46611636
19432958
25754407
87758113
62940728
96446636
90054796
60317492
89181681
01919728
38797526
75926648
10077588
06078203
38440226
61519482
82586671
80033094
47345028
26819959
22720073
82498301
16703439
01240652
20606096
82281980
27850752
58270952
22310363
01454053
28556629
52540642
67851970
44745633
92078826
39490988
75957128
92831475
17141542
07892883
72188937
99438860
08367314
00248589
82773278
51980135
67146997
15484763
35240434
82735468
63808726
17394357
42369955
90103970
31119787
31039401
73388513
58716629
41239322
98640216
42785984
59929672
43202287
99401764
01370015
35656423
22135030
40430526
12791392
48820347
33733259
85926253
60986700
16490256
59378615
98984708
67372024
66582547
13002243
15589857
18761641
24617415
15805828
49657358
81468777
13149673
26426994
61477456
66819137
65132640
54206591
17487583
31882855
70821367
91425410
20450547
24937670
10200087
83049229
46502764
08545711
90560282
45611518
30126583
38649104
51263810
84045846
86446058
66638308
63924618
71973271
46469654
88822979
54252567
12209875
92014951
65648069
92380994
10033641
95009162
59595580
89087081
71038634
66863383
54958529
29709476
70909943
11484335
30793258
34161923
42380170
99468300
10525515
69747045
10455691
30807377
55753367
71637502
25194685
05599158
62412129
35740916
24102248
95281145
00792727
50190362
60616420
18483662
77321043
14303985
28659855
33237714
91989464
47173817
54207348
23383515
54508563
13888423
51196186
74001832
80823558
81391252
01815489
41709303
38804557
59127887
87895240
17042293
17054817
43511157
11342902
66019198
82047402
57482987
30620896
22815110
69641183
25335044
18346270
62475166
42219958
05954975
30384960
59991989
97219667
58019623
42555647
08251702
80350382
76455186
95043514
02709288
79273687
45347426
85831348
94921414
18917634
88371321
90524164
23506298
46243127
97540401
80829429
21694594
79304257
42986749
97664206
88953874
13219900
51808398
73952921
29510346
85877800
34592465
09749839
41397778
56244468
87647177
81948640
02175147
72239476
37741102
31753447
93244237
25562625
82837855
73994539
29914840
45699458
74721768
70473985
09662804
41023119
46980014
51742355
07547538
60192779
13934821
62832469
27490962
91049975
57227702
36046037
85820234
24572284
93163189
57162798
26289675
15649070
31144452
92915903
36034865
82054302
94337973
81468187
71081520
54832347
87091559
76704165
41165173
98983455
94332040
11505143
59699856
30068438
76544727
65536898
08346201
77799051
88477736
91308986
86672653
07157418
67399464
22065236
46927580
77266328
35184840
42350909
21862129
78513721
11359356
33563296
68677995
23285190
66108972
87894654
15796993
44152398
70182120
37968740
24452638
29381851
30003877
88024022
51222639
06289579
87385289
77548567
71836423
38651864
44368915
66931597
27810046
69155488
78053421
69218105
60926177
35553485
72680168
56117762
74142325
66671304
19021895
09936556
06388731
12011402
13924497
47777541
19758177
31655538
46708947
20155150
04986977
35380085
84971407
62425336
45252176
66237516
64684268
69433387
31225113
75167869
96438073
77727295
56954585
90569875
84056345
37187856
84667919
26538881
07026993
18362812
68445622
58321530
86099746
05392982
49864148
49446727
63701339
50735598
32550691
64515731
40990295
99965652
82295943
76556172
74733733
14945312
02850291
24509509
02661483
50812628
34190552
53099074
02305868
01595770
27120778
62927687
36645607
89245196
58579857
65256803
89518550
14254899
18872989
21582376
66610965
10249270
01370049
00623646
90893383
81173368
50483056
94984658
91439183
09600774
43689725
04351801
39782255
40295661
53743947
28484228
76291383
17750045
96564819
55026908
76908954
10968928
38276345
17706917
44488105
60491620
43148933
72397128
67504758
49238361
17770728
70176770
86753304
84923355
22414875
34728015
29420168
04190053
36689923
57685224
41731481
62015218
61437598
92991109
72623358
24292687
77488170
63458074
01830310
22590421
59680817
82921848
37249598
89326908
66895126
66858534
65267127
69209074
80715581
15889638
84001096
49437207
89918045
70677927
98428072
02222494
91922727
61987515
57414336
73931236
18477395
18812764
52000955
99167195
46132027
99492294
87213742
76600616
27860953
57664681
43945650
92398706
11247877
31906952
48144837
63405023
37068440
33000883
04134417
46742971
95457737
50218920
19105843
72746139
55483754
22190522
41137294
61164661
19494913
27348789
53526474
89490458
88154355
37281660
84796543
45021958
52991834
82315768
02717003
60650470
01592445
76590640
92116970
75042097
61833119
09692277
68636186
39231663
93061743
65447448
12486367
96029758
50517032
88616410
75959346
86950044
03526866
09889146
04230080
67854149
11000627
55619599
34122762
46023607
33153456
70455888
04229704
02993455
29735173
71508060
82915331
30116251
01637045
42546109
92203508
19520269
26711095
58128944
68603726
29798270
48395676
45285998
17582069
17303812
70283288
51034731
78582291
75974825
10898572
21355903
88334808
87316722
43271036
73104968
53801268
39787550
61319758
46079077
96915622
86957843
23466377
42452612
93345523
92118274
19303533
90305271
58672726
06458001
94698049
04566554
20697703
16577222
41576879
65561353
70485310
17011661
27920229
29019364
53662872
56727250
08892823
16822197
41970413
60960308
61572680
19569623
11323167
45809155
99775081
67181537
36439976
42426553
35049383
42392877
17441892
68639385
87022205
62916927
84067080
12199151
24704475
54176633
79606692
17949416
21163702
69173261
39784998
17919530
59593705
85786972
01846184
94427048
05809296
83052878
90405399
42666057
53248974
91460920
77834204
50624657
05042927
38803874
11289449
23101301
79924777
48374036
39233359
00624459
82319264
57060891
01552437
79168545
89414445
55557591
08543046
76298027
81938040
89325694
22095970
64729355
24488423
28084059
40775014
58537753
33849049
52363513
18733703
19411769
65651929
43736325
78651936
02258073
55121077
24573835
28171052
29106962
01631933
50802619
29967823
41105564
89625541
09323404
58706068
31205010
17391390
98786520
36142433
73388569
12375845
46685777
88271813
39009807
40678087
69059437
23484907
15484015
38075304
58037445
21575084
98195749
61130841
07886427
41010275
53481928
15688317
25790563
05762220
67504737
83004948
08150180
53398351
19686745
67641710
77818766
67485979
34906034
40472944
32731925
42787713
01597902
51034655
63980898
04253215
11280086
60862143
38785204
43191580
98385393
95321278
58741561
23678165
34547251
11885068
93889698
08093321
95257193
19118239
75816247
51653216
18626743
72303234
11145978
33259402
92427904
51808060
38285631
39804538
47046791
41176874
44109327
34777922
83153001
47056881
83562745
55951637
40103983
10362467
87464223
66199385
88125736
93988527
68253546
25876855
68234802
09464346
29079813
30853338
38328216
32656371
86074077
88637314
31506663
99115017
24641949
12786309
05921061
68175786
34920823
66059236
47224033
18593214
56768454
04596819
13227358
61816118
57789149
72779965
15898757
24768121
59667206
88684973
32687554
48189813
84539620
09985740
06143662
61597033
70312808
91171996
69762099
72122023
38780728
66890391
97247592
56705222
95046535
55513783
89412646
25194089
40630153
81001229
36633739
52592892
86716465
93979153
02032224
47217880
83786880
23289178
19062865
24012175
30680607
32435560
56567035
35663939
74326007
08728221
87598434
07534761
54340761
37555091
33497816
29490587
19173206
20420253
42112231
59831056
52652166
58750907
27457976
30884533
25475083
23184817
42915261
91872051
70480148
42427442
61215281
65797131
98971706
47240682
44471185
86306804
49437976
45479750
44496827
44177296
86178925
10109785
12657204
52510446
00887177
17245773
45025451
36194871
26411524
14271216
43958522
57208588
06974797
84062222
77888155
81123809
76180860
78032485
43669849
70696252
03833888
49512928
36004982
48979699
82463978
58830234
80217260
31910110
96337904
28612030
17080319
97702554
99051951
81802503
35039451
33747364
60446319
74189594
10951633
11811582
90885864
03079902
17577739
18955261
60254966
90073519
94780509
82047290
60433429
95881448
25252842
09544633
74048730
37090220
08748949
78260156
66654531
91281471
45216526
23562515
44507160
44163280
98124864
59978358
20814734
07168780
42091959
47649129
61774690
96323375
40466592
42490787
28803873
45193586
00513591
12287814
65861431
76968872
04149472
71992021
69880011
36508683
18217888
30186416
87686362
15359267
77482665
38702864
42648649
16930416
58518429
90353376
03138788
19726839
72188578
19226917
53729052
22633250
64103745
61501369
16479448
32349610
17393323
63109626
07007587
80016326
07697055
45047805
56215434
94492441
81206203
03166154
89558730
55494164
99316444
23635800
00798207
64915079
84226975
83595068
74064337
38223021
16930976
76280820
61940266
74333238
36495864
92730757
28789396
32254426
69617841
33729954
53431867
00881508
52621633
25574748
89518141
63301377
68851992
83351681
84347788
82364738
09682808
78637695
65116220
08370105
86103383
79305636
42028151
61141470
20375994
03584266
04186184
10713745
45670590
07710834
93263006
78436464
88757030
49127919
00727236
83399255
37074510
59870316
47385235
25161803
88891754
34855589
30841866
01379737
81774252
03148294
43782556
20177152
27612430
00870413
92893445
91005253
27470949
78344207
56230737
01645748
67633971
08832428
28220406
08149174
86661196
68661374
02728623
05879746
49467056
38997796
84012100
10021072
