RUTA3
 
15432604
96062541
52635864
82434152
67745051
41964051
30709238
66124771
42295186
20835030
22784276
10765793
43597963
14195332
15206971
69610713
90664194
86374465
61512425
90264147
86483755
61462013
25039462
32434189
48406281
13567489
91236306
38763182
83380486
40216488
98685150
34229703
44463106
00950411
99278031
24453379
45746072
80627756
15563305
96358016
44272698
84881241
91353027
97757456
16939123
16520346
03397787
65878028
62996230
40519722
75844591
99891863
59604437
09216300
26798137
59016086
21993866
80712169
02306347
02894419
56597421
14522905
58875417
18188909
83600921
45637571
12760219
92839339
70330264
86165445
38408650
29200167
33336838
03038920
15208646
17284654
01025959
81351388
07574426
19874994
21423894
40189283
86223174
53604486
68502512
81981807
50643509
70920851
56653889
18506750
04075650
15663196
72715142
71507583
56055185
98819447
61356899
73650683
92624161
01997017
45296509
27626656
91893204
47439589
76257039
43648041
38302589
47376232
62283901
76817397
46887290
51280160
60791414
72247613
79053282
25228815
16013710
45527752
77658887
55930858
23582484
60946845
49526168
42246714
40013487
19520289
31523631
68367398
46630913
23786915
53183047
95044250
57307594
50323950
64497024
97821897
35762696
02890796
89256914
89158419
20957372
71021135
62545901
44925607
22706612
59205607
09711460
75387909
92384206
45590931
04498707
02368213
11580099
47510735
67605600
61355507
40320668
10343327
76132572
16572262
07554426
31140487
30041431
55863704
09362594
01998725
93063440
64216620
86512582
56572406
97378422
16070231
88742164
36274590
70146334
27679710
95635337
46611003
16657362
85192826
32586987
09900547
38676746
60413192
57823473
25794269
95923946
32757090
72286300
72563879
37292641
01050041
80791139
83716762
36795941
81495652
27631402
93111830
46818174
04762496
72899278
96862736
85986584
02668764
26646569
32346402
07406581
68350295
86645531
51844591
88968319
58304757
60355254
37531606
62512491
96099338
85784177
75010041
38654715
68332560
39765139
96466012
07176033
48102284
84377754
12860391
67733254
65507023
60552295
32438303
90872012
12238361
77528189
21748931
07871812
70958140
83408954
48576273
87784775
11534501
15486092
29382445
06776219
66387316
36406064
43469568
81112387
32647477
74339119
57642392
33614397
44646676
97949069
33229505
04202229
17674160
22012470
82672590
33208472
47788683
07481192
60166107
24190766
49275985
49585294
57930718
14505964
63747686
27810115
07645118
32894466
43913904
80736764
71030732
65168363
64341742
02204373
64675622
07561324
76506167
15857531
68697620
74599034
05322011
62422886
68738123
28765365
44366927
45714273
59020561
62821609
60448303
89759610
76455121
29578483
27014603
43477847
83445261
45716489
25048122
00082832
05178233
20471763
14911153
60143039
83823145
19573459
87644804
57204865
38644893
77303221
49307545
01338978
30392614
80904267
57022694
23423535
36813387
60708056
92419001
01038277
95782193
83865002
11073219
83233300
96315153
32447652
48826101
20779928
39044679
16505193
36540294
39605465
03914193
93781490
41540066
51190579
12517972
38088131
67942615
48373275
62235466
93831574
87890949
01699959
30334088
22267499
77859482
96714636
36195291
52636298
85270503
52991523
01116891
74348424
13171497
47426011
21100039
66971440
06166172
77868525
72058591
08386834
95955118
87668440
41763935
92863460
83500002
75222500
99130758
77102870
25234123
65325018
57688772
95227381
55534061
39694610
88799883
96493322
31583097
90409447
63236391
60911993
29841533
51728000
85519456
44477448
18983161
04913117
48796730
53857183
03985055
15582245
32878236
04253245
01060435
78892628
00825019
06153664
21171719
70224801
79790821
42296811
11523413
33848175
35668572
13392299
66180466
02807430
14134969
65840048
14184512
97712005
67048494
28285285
27853167
73894640
45543726
79110907
95187907
92075450
20118843
06147021
16149366
91267378
75652744
51385568
19525157
12988466
66413010
51023711
62965914
04752012
78306955
90175092
59564017
44709470
09869850
32336837
12314139
98238530
33433808
46394414
80266782
97523671
62739461
61892205
75673108
26554134
63593687
86959062
84883506
12605533
48305178
00604133
51067185
94231988
38471464
61792389
94174006
13341745
55586827
58692261
63323121
34068518
62237682
21594590
35850797
15604993
68578665
25705136
66424470
27394961
51691822
30151100
46611636
12195605
61343932
87758113
10157574
22659027
86656769
54242020
97765792
75926648
10077588
38440226
61519482
47345028
35083301
88682101
74240371
64730023
63080256
01240652
34983959
00199153
21771972
83597992
67851970
45685067
70884445
92078826
07218851
92831475
17141542
07892883
41743820
35240434
06654718
74292502
02298245
10197088
22539788
98331991
31119787
27290724
31039401
96878232
58716629
26330268
34768208
23770173
87785866
35656423
63881740
56571283
70506836
85002030
67372024
58079893
41407839
64215781
20063325
24617415
15805828
01353480
42631575
32019016
81468777
50733827
21479007
85157938
17994644
42701612
38883262
99909755
58511593
82277554
84045846
66638308
63924618
91077715
92014951
37004770
82997310
65648069
00827394
36745030
44239999
05651308
62057537
37407596
00060477
66863383
28770301
77967977
99468300
69747045
55753367
19591155
16871130
94109108
72444363
67738822
63348145
18483662
77321043
28659855
33237714
91989464
54207348
87059889
04553798
13100027
62164792
42866811
52284760
35503658
27578862
97427971
77483946
01815489
86909908
41812285
17042293
48702822
68514119
60555659
02410345
89039396
95043514
24321311
49455250
86181189
59383600
58024039
27418837
21694594
79304257
42986749
95565657
73952921
74140471
98266821
56244468
81948640
72239476
31058857
70098089
78049705
45699458
86594885
59789771
26311458
62832469
43304758
20871487
91049975
91878098
24572284
66200556
92915903
19976727
95505346
66664032
82054302
19783538
81468187
62950476
03001378
51586784
67594865
79833754
30068438
83451132
91447837
27263050
88477736
65883984
07157418
54955095
68802971
42350909
73130337
69940176
78513721
41123006
84299677
57453088
56659733
06247118
67369686
37968740
24452638
29381851
30003877
88024022
87385289
51496850
71836423
41802686
75009049
62097257
03379559
78053421
39321384
39826344
67966020
31384571
86525461
74142325
09936556
06388731
95684965
47777541
55321577
85381157
70646975
56374177
45252176
67872697
66237516
50189109
77727295
40565932
19353498
33731399
44517689
91893734
86494554
01057849
63701339
99965652
76556172
25350307
06957333
80628259
82034113
96559887
86143380
12123803
65208264
02305868
01595770
36645607
41966609
89245196
25970217
20785828
74616143
32981283
10249270
01370049
50483056
94984658
91439183
47461691
40295661
93747804
74188388
17750045
74474893
12704539
96564819
22018032
76908954
44488105
60491620
42545151
43148933
72397128
67504758
70176770
98152445
34728015
25667793
88668063
36689923
02905383
62015218
18938743
34376561
84075933
10714790
76150711
87311831
56669196
77346222
94353403
89326908
22034473
15889638
93400924
16232243
17408038
78372943
40878393
61987515
52808499
53996889
99167195
23950808
17057045
27860953
13051514
92398706
80827502
11247877
92239973
42742967
63405023
71043658
33000883
12017084
46742971
62631878
48303871
52201062
44843197
22190522
06184505
17326994
89380934
28535464
72675403
53526474
91864245
72186247
88154355
05274506
91968183
45021958
82315768
08022239
28897720
92116970
61833119
09692277
11721537
94199901
97090986
49937633
06987027
40883167
23527008
74495952
85201245
75471265
93061743
65447448
16363897
78540036
34665478
88616410
75959346
86750540
04230080
11000627
55619599
49622544
36991551
34122762
02106846
46023607
19189182
98413958
71508060
82915331
29187999
01637045
94608719
56683141
56142642
29798270
32114386
56605876
52020534
68464820
10898572
43271036
42617904
63018611
30826079
01878811
92103305
61319758
16898126
39404868
25120590
70713029
93345523
92118274
91357411
50807094
19303533
46949674
78598322
95596829
39390564
63735071
16577222
70485310
17739780
17011661
43090792
27920229
02997000
41970413
60960308
61572680
19569623
15580041
68585441
83372693
96967755
39728153
53690628
90760435
58373763
82297400
19897313
42426553
58625538
99513385
89633888
21163702
01846184
88586397
94427048
11956845
67757943
05809296
76642458
57033032
18818116
20420968
13097733
38803874
33117608
04002590
82319264
57060891
21149812
01552437
89414445
55557591
09560885
83307377
64729355
24488423
52554340
50059512
03986980
04263546
30051931
36724996
98285721
68247406
51079500
17476116
55121077
24573835
33583357
23967098
28171052
24899268
82752166
81292523
98960289
47861949
10956738
09323404
09128433
99817713
46685777
88434194
23484907
21575084
16161962
33275738
97009945
44086558
75175555
11958514
25790563
70059000
08150180
11018080
19686745
03084712
77818766
42787713
76758733
01597902
04253215
82898568
66269335
34547251
10097122
20711056
95257193
91189887
68142828
42688713
90147948
93834314
43003670
77138263
28064441
67510878
47046791
44109327
58571336
75830371
10362467
87133502
75864230
66199385
88125736
93988527
88052665
09886178
69314269
35618836
20176082
72704123
45537479
65596670
99317510
24641949
46706157
68175786
71290348
14106697
56404851
35154873
76635251
08913842
57789149
76064486
24768121
12019727
59667206
13031799
48189813
26409608
06061441
06143662
26723697
70312808
23305075
72122023
97247592
04660808
22542561
95046535
40630153
36633739
68582684
93979153
77115304
97508021
56567035
74326007
40933060
88001933
07534761
11399050
22765272
19173206
85312366
29321316
86623832
69033401
52652166
58750907
87693341
30884533
60645767
46579062
25475083
54264784
42915261
41511462
79018278
11182877
47217663
75460234
98612414
80950443
70480148
57795185
65797131
45788623
98971706
47240682
49437976
28239798
93822170
02858008
10109785
18733143
92184636
49488548
17245773
54527430
06114452
26411524
43958522
15394340
57208588
87708077
65543790
81123809
78032485
57958637
82463978
77483856
31910110
38711025
93502181
53637113
53967764
51889832
97702554
37475204
79658190
33747364
80379959
67939064
27496410
18955261
21686691
98850451
69052710
02432851
70181403
53895684
23562515
75188276
13529875
44739463
85097007
86429392
79744092
40693598
42091959
37397200
57470302
93368624
73389397
51048729
01289104
48485337
71260933
36614573
80809393
66497868
77482665
45879055
93285373
38702864
07540687
81911207
12896739
88081030
73662613
90619697
54317192
41602742
96419774
52529533
97644970
32349610
17393323
80016326
49010078
60967771
07697055
56215434
54120586
20207829
27346344
48479028
65737430
03166154
24427911
16930976
26764992
76280820
59532098
14875075
75245671
99398344
41405738
94436443
19803767
53431867
82949984
89518141
63301377
45158583
83351681
84347788
09682808
00756975
72586242
86103383
42028151
04112999
57435405
66189416
93263006
49127919
52035182
83399255
64297148
39191081
87435353
67168195
47385235
60753655
12542210
03148294
28463785
15070899
66673401
08149174
14448604
05720688
50991683
