SECTOR2
 
99899146
96062541
30968340
20744316
79754619
09627228
59541387
22847781
41964051
30709238
61284344
53178183
69614325
03156317
45163826
55291610
86119769
63509587
24991399
30749309
17729576
18207380
04367794
41251346
01210354
83223211
37031667
86483755
32759783
25039462
32434189
54613955
91236306
13917306
79998747
20935493
40216488
38505799
34229703
31002407
65905631
61979539
27588029
99278031
24453379
45746072
57662679
15563305
54176219
22813180
38236867
00564630
16939123
07343290
70092365
62996230
57061683
04538003
53397396
32506895
11038290
45353524
40682824
62744729
63555828
58521303
03487944
08563891
23272444
40278200
35405271
51130526
54865249
27333720
56597421
14522905
83600921
97234598
41190111
52490647
59683330
15772541
86165445
63821121
29200167
60042597
33336838
33482243
40226980
17284654
61210232
81351388
21756625
51728201
19874994
22374867
63740750
53514809
21423894
40189283
79629879
86223174
43466513
90847034
81981807
70920851
98561517
47612104
72273551
18506750
04075650
22639451
15663196
30426863
72715142
71507583
74329941
73650683
64517452
42728156
56391605
27626656
79143560
76257039
05383517
85248430
52257394
16031109
37870069
61582214
48078608
76682368
46887290
35605289
91180170
72247613
87254240
46770814
45527752
76167681
77658887
93752798
57897191
21115129
66554788
43997077
97958284
15028927
31523631
76809780
99198663
53183047
72783025
58982156
26605086
96730571
88784802
92488021
84861893
48057450
67353166
84272325
02229561
02890796
44202825
76879220
89158419
52054111
11070566
53400912
09086075
64077396
64154608
78704506
44925607
67909217
60733276
59205607
22680543
14835986
81710782
92384206
25034450
74772771
33701262
02368213
64208211
62666471
40257845
11580099
65252743
87875087
97119706
24499832
76132572
42002683
08996362
16572262
75969611
83776013
24970448
47705736
57245336
55863704
93063440
25061655
29888456
44675054
26186553
68182085
71560264
33602818
44795188
92982944
85648608
36274590
07641945
95635337
46611003
40873541
85192826
11579304
09900547
96813335
61724423
57823473
36814753
95923946
32757090
72286300
68059778
04172846
72563879
80791139
83716762
29360203
60650877
56488544
20245499
00658606
81495652
06143810
91726295
47010403
43660313
11837692
27541933
62686624
93111830
99813923
04762496
72899278
81701103
68891409
58049329
80554341
96737815
55746481
92882628
51844591
30242560
84362575
53308593
78006317
00652578
62875553
49224182
96099338
85784177
11797275
78685163
61157835
95273737
41222843
21162951
71866001
96466012
63283823
41808114
17601034
34220820
41410735
70935818
48102284
65507023
48994385
46857713
41968636
73838582
33200939
90872012
12238361
77528189
06812862
89260673
87784775
11534501
00733324
29382445
66387316
39616597
43469568
74316118
22545755
74339119
33614397
93535772
44646676
27773782
59665791
78907924
25498700
91347413
68209969
97949069
33229505
70152531
43259978
09535377
22012470
86954070
37641301
87043155
01507661
70290611
42470633
08374057
18816002
59949374
51002456
92308200
30512461
84641798
50049095
01181773
49585294
02132962
11463704
98349869
58958539
30139457
63747686
32625437
43913904
24796911
59882836
80736764
33538541
71030732
93336608
04009605
58966676
63471435
13050666
13582288
32769080
02204373
55886225
51814816
58469427
03595244
99157281
91001987
50806225
20309445
68697620
05322011
28765365
91133160
73326862
22683776
01171310
18139905
30657801
44366927
89774743
21686827
74617004
45211537
46859139
61555127
93313933
18993269
43067001
47373868
31007811
07891186
28317649
93565755
47757444
27014603
60876685
18031354
41203490
50545218
95053143
66281661
14911153
00341763
61499250
11228019
36259861
22864651
74563657
86481016
19573459
31033060
38644893
52027277
15347616
62867626
49307545
15668557
75028603
61937968
04752692
80904267
57279916
91509127
88428886
99267432
61086716
77861533
83865002
60533149
29413396
52174755
48826101
36540294
95336559
97515803
56994832
72943211
32617312
40383318
27751320
41977240
71507728
32661086
94301063
48357224
26470827
79758469
67942615
48373275
31852195
52977000
22267499
46375287
50852692
36195291
17604428
37911305
02669269
52636298
02911565
14311932
01116891
70081585
39405582
62408210
57663295
43261202
52337403
52289799
07552506
75187082
90195292
32540603
66613853
79514984
87668440
98903631
20718251
87880567
28283964
96666774
29254238
60134540
60211329
54207538
22154076
75222500
81771890
37835991
81703297
58673630
77102870
60900760
29547647
57467674
09583592
18089548
76904295
80557553
34920047
71912018
98880542
28086729
88799883
96493322
13729510
95586853
31583097
63236391
75304310
13524924
44043426
10794923
90490181
99707334
73298500
70946450
04913117
21450745
20344025
58173324
91311235
03985055
40579272
41651018
98794410
32878236
29426807
36803573
19876951
49422590
91848036
61367566
11932597
10862062
68032576
57527985
16143793
79790821
42296811
90576328
44607246
27109749
39103203
35668572
38255480
37564187
65925463
02807430
95418346
55503851
33557064
84580299
77753136
28285285
03411327
28230551
52317167
95187907
53990775
03266467
06147021
90041080
06000950
22909030
88539495
11909563
59209956
48065313
19525157
12757938
05854386
66413010
51023711
52767768
10116175
36984597
66974269
44239997
71302668
92474276
33605784
40363353
06315484
17586590
07038483
33433808
41659494
43641256
16905520
26554134
79927007
96919166
63593687
84883506
69526187
13607573
00604133
40111722
01258165
94768256
15811265
19851475
63930664
51462089
87317058
62237682
24308367
54427322
40207853
63839513
02569557
46171393
19495333
71136034
66424470
49474842
66961955
27394961
97238928
51917159
22614607
61343932
54784828
22659027
59227840
48524813
97765792
83134015
22228890
80646577
88682101
33212438
93419734
52262492
21771972
53621694
83597992
07074430
10659404
07218851
55233011
91270064
72966775
27712671
86607224
25503075
91243840
00447039
02298245
10197088
58386851
21720610
07874575
75130132
22539788
40591993
33425711
68454722
98331991
27290724
33052312
63288592
92916015
26330268
96510459
40945033
58999140
46338410
34768208
45703263
16404542
23770173
87785866
81697075
68942584
79602307
70506836
59547018
85002030
41407839
71439025
20063325
14398974
91669404
81556017
72285696
60480325
35068792
01353480
98273023
42631575
28610522
62001759
81560450
51110888
21479007
85157938
98775166
42701612
38883262
99909755
31185261
22097918
16021416
08865918
23847532
56096453
42213160
76205088
02051292
53980570
41830377
41169185
00827394
50578230
24266753
36745030
44239999
14439299
37407596
00060477
47231870
51491068
20949289
36403501
77967977
10877456
15448671
61679387
59800830
05371673
57002567
78185639
13354906
36860927
14434602
10056110
16871130
17090309
05905956
82150260
63731912
11095314
37233628
93246960
23403482
72444363
07481142
67738822
63348145
93119446
04553798
81855319
62164792
22359378
43056119
25052245
75422953
48024758
18278511
97427971
19439575
66026493
77483946
97949312
39594640
04846765
82573316
66240810
86909908
12190087
10405598
78532149
41364838
13864416
17982902
90000320
01283765
65184366
07713117
43141159
89857407
17534024
48702822
60555659
22415032
30365968
83841006
89039396
61199400
61059495
16348356
47004029
94585239
13289099
56868542
06573669
94056941
24621824
49455250
07723381
86181189
58024039
27418837
02226992
45521486
13589365
14627782
11442790
15890410
09644379
95565657
40967883
90846099
31641906
83788105
74010520
31058857
11779449
92955419
31349171
68739141
78049705
90188194
77394724
32878628
62689945
67431525
55545266
86594885
73885916
26311458
93667861
56320483
52130093
12075872
74682989
43304758
40988714
70988266
80704710
19976727
72528927
66664032
48157496
43298555
46692064
78051791
62950476
03719440
76141068
90714415
03001378
09514540
51586784
52228149
67594865
10611343
92491178
63474752
14950263
07470987
83451132
53064355
66659983
61684921
15225740
27263050
92930463
57706849
72578782
06042262
39102902
76552367
46079534
72563259
69940176
39433681
41123006
09930747
62144385
74628086
90543210
57453088
06247118
67369686
51582967
12177135
27752330
41802686
75009049
06615299
62097257
18218130
88984717
39321384
44837707
39826344
15090244
82178977
37304229
86525461
81818600
64587712
99567151
21827933
27194154
63662375
95684965
61448118
44381467
69797644
77093784
18351822
19117108
10757490
51500418
56384085
18323193
55321577
70646975
28868205
67872697
08315729
53168117
87345281
54446743
50189109
58450035
33481699
77576617
80322847
40565932
58560264
19353498
52589296
70704024
33731399
44517689
59305305
02254177
76059277
42137651
03807362
44978862
39623879
78431288
25540189
71010062
95666365
19332987
62158296
82112257
33432232
43798736
14498046
29061146
92936234
84126788
06957333
35766734
10153344
43713315
82034113
96559887
91806122
47509666
86143380
29384737
62765549
40776641
53641811
96578542
12123803
65208264
04691407
45274459
11521804
30678633
65029355
02523144
17436863
74616143
32981283
82161760
38705936
64192160
61509991
18168727
88701108
61645370
39370535
91754279
94157712
47461691
63966756
80958530
95034026
80763740
70305213
94039162
53521528
97900249
14308639
93747804
54794182
74474893
22710604
85916902
22018032
94203877
45106549
35842332
98783867
65412957
29962602
19759190
92841970
51382731
42545151
11934801
27308856
79505446
98152445
78129428
83331534
67988246
87196104
25667793
75256955
90361527
88668063
47017934
39462828
02905383
69420312
57795132
18938743
34376561
84075933
57913580
10714790
42377088
87311831
99539508
55450647
40482832
94353403
82180829
88129961
22034473
43126652
64796374
91198955
57703115
40942657
08484402
16232243
17408038
75390933
56042643
78372943
52808499
36041469
52127621
18909749
67454956
83359779
04289271
31865219
23950808
57369703
26496187
91398409
17057045
89211831
88201532
80827502
39605302
56027161
81818348
59510335
33942950
82843454
21515402
44922426
55009042
75347061
03056064
98099982
61370214
19104886
94861686
27895923
98013533
81097515
73289471
76822640
55972665
28535464
64098969
37485622
72661487
11337811
92849777
72186247
05274506
82771339
98965799
02534113
38662789
86342570
27390306
73584423
46938557
29126881
40502257
11721537
94199901
53965780
97090986
30643731
81704734
13628528
49937633
99600109
50137361
06987027
45982978
86918825
74271002
23527008
85201245
75471265
16363897
34665478
68019491
30868283
67695812
24508741
86750540
80606238
84833373
19322771
79611074
49622544
25290191
45653793
43014876
35729897
02106846
29010338
44327198
54628109
97613882
06960241
98413958
29187999
94608719
28947229
34783775
02355990
56683141
56142642
42191146
11818659
01577263
32114386
12032988
79451043
36709842
68464820
81250538
84839124
28554303
18711649
31640244
52491764
42617904
91547058
50614211
81327311
62304488
63018611
18264373
46721739
84096384
25120590
10402679
59766886
37067917
48919646
60725377
06450302
70713029
19756263
77106585
98268313
29377153
58250761
15662581
30078634
68876369
91357411
32776815
37358061
41251605
86336196
06260873
78598322
90889924
47843979
39390564
74767363
08094734
63735071
80822653
56263386
70990414
17739780
00335277
31041820
22310704
02997000
41847048
75956053
77112257
62581615
53477215
68585441
55271602
73360252
83372693
62159748
44075956
96967755
96333187
53690628
73362679
56503251
19897313
91584310
22405498
80752372
58625538
70921559
85836228
99513385
59045378
01318885
68072541
03662257
59926266
54447694
81025132
20177051
88586397
61736486
96495758
58286304
11956845
67757943
57033032
94200605
46602814
93723533
90574909
13097733
74931002
74589084
10336701
36762804
33117608
06568129
13437810
67447779
96590256
38097602
69617618
52858698
44521362
99894751
21149812
92589877
63389917
30834764
52399914
11665970
61856406
91797370
80284797
40744114
36724996
30885526
11107414
68247406
51079500
70600594
21703387
30083057
62611338
24899268
27482606
40337005
28807620
25032303
46052739
20629529
02051574
10956738
69308040
31599713
73795895
09128433
46515196
30428582
47980704
94173625
99817713
71233959
03117795
20618005
30481567
50070021
70862803
59920592
40762089
16161962
97009945
88418296
24497041
90389543
84003562
11958514
18008463
38394148
70059000
11018080
37708987
58823139
76758733
21446167
96372284
38263845
26794494
72203667
82898568
45518557
66269335
41535237
10097122
20711056
89246636
68142828
42688713
66371147
93834314
37117309
67945959
77138263
12386003
76683084
24307002
19920014
28064441
05714950
84780029
49981842
97037556
67510878
96441407
91507325
88210483
33717536
49377739
06583500
18163650
75864230
97665660
77872155
59273940
80983234
16643223
90284074
42312658
50671593
63677289
02500781
45537479
07145753
02153859
52969657
16855024
46706157
53558418
80250587
28651637
71290348
07298612
35154873
97098945
96363968
52914705
76361292
63471343
83102633
66767124
06061441
82258545
26723697
82960947
51829014
38038095
03111580
11776556
47639023
52337407
29669822
22970590
84269244
16096372
14965600
05441849
70126904
25817403
24346390
68582684
36927778
62589096
77115304
94693264
85000575
56870482
39696570
97081894
34809549
83910641
11399050
56951729
77503269
33757096
53736666
58422802
16433054
37943710
29321316
29444146
60017444
16130287
87693341
13527491
60645767
60233416
32432215
23078090
41511462
97280528
11182877
75460234
98612414
08757562
75750250
70259603
93822170
31048682
26605474
00055905
41963514
02858008
02130538
49488548
14076535
54527430
06114452
64189036
10439968
13037146
65543790
45310910
95614788
61021798
43142951
57958637
32371353
97191101
81311388
79277683
94821755
26384658
05946399
53637113
53967764
97741965
09602382
18611915
88867633
36340566
02375493
25549291
67939064
88140035
73317664
73708725
44524531
65265859
27496410
34499210
00063649
69052710
35647576
07344150
19834239
63832782
92349632
96348341
23465635
12573443
96610212
65704913
07989371
75594164
75397544
32951836
96730004
70181403
75188276
64386390
62988341
16394356
47677006
80784453
31357629
86429392
47059884
40693598
93368624
36397218
38725971
18902499
92354060
24930029
37197373
69074011
48485337
51407944
71260933
07821878
36614573
53622898
80809393
66497868
93285373
77503430
40998728
78468041
84077146
49889647
07540687
96334945
50512361
35384200
81911207
12896739
88081030
07635364
48636636
16776697
73662613
54317192
70183446
41602742
93633578
97644970
93993634
57412620
59793111
49010078
48185647
00897625
60967771
68075670
13763491
72612754
27346344
65737430
27276504
60263632
45104197
89159759
24427911
44516039
62477234
41217128
54615030
32335938
59532098
14875075
12705828
12325896
99398344
13406877
94436443
00153102
36395448
88058622
92986044
62455022
71726153
61022110
28843513
96291433
71312086
49463329
63478945
79945671
51822455
10125136
57435405
66189416
05451091
36552819
24412957
96247191
92808545
44429920
33141438
39191081
73938765
60753655
75717038
00825919
19413823
99335177
66673401
62331341
83533646
51323055
03441664
27347873
78209505
21238050
36511946
26844573
50991683
46864575
